$ANSIBLE_VAULT;1.1;AES256
65396137663738363262333065383565356331626665626236393135633435373433323034376138
3365313731646430316136623564356362633832353235620a336365373866383436653830356266
35666637353937653131396162303736396266316261323439343233636635386338313430343962
6262643664626335620a373631346161643439303832336261353738633433373734366335373562
61393530393935646261333364626662393437633065636130623830303162303134396434393137
62666264646537656562636530306263333436343931333733643561383239643333343665356238
31623732303538336161326465666231656662353265653935343632313537306663366235366233
32366138666566633034343765303035663563633965343366623361313937353662326334643135
30393866613035323362653962343862303235386334393335616638353963666139396261316130
39343239636539393439316232623732613465376339653630383864353866396334343665313265
37316534303462303866376133303662303263386266616234326633636633653538306561386164
35636363343439643331636337613435643638356434633535303833623265303936616562396433
62316432626561363162356266373935636335303939626431656334646462613262613037353635
62646136653164336665613763363233616336383462386234656336343036663661643433663630
63336633653033623030306531623666633131646438376430316466333264313839343062663731
31623239373465636339653561383964626339356561643765356438666132626165613438336138
63633965663664613232656638376161386634393262653531653465326331306262356530383638
37626463633562316130323966623061653333616339653463616165316362346263303730383265
30303866656535626239333036353934396236396666323161386337326237663266373365633038
62613462326338353037306635346337343837363034366665653130383838363735656237393234
61333434613361666661626633633163303732653230396465396332653838383530313637613965
34376333656231643635303335353133343032666665666165653761656333353839656664386433
33663933343763636661353836343730306462613266353338303964366633616231663365616634
39386461623266353362393032346662336339303237383730346630366363623138666433643431
61636435303966383964316534616637663637666438383535346439623161353566643165393536
63393437653264663438373131313461356362326565633538363364396535313533653633623564
36333864323363613335643266303964313035353863346232326164366431326262366265616534
31643132643130623166626534346532373832333564353332623432636665613737666438353738
33666363666237633431663837623232623334383537623461366336333866303033633535626263
39323436383164383335326663393536636338306131653437633438656264333232343936373637
35626632383332306539353764326566353137333037383636303937383762643361346534366561
37653434636539633133383636613332323032363836306336393136373138303364346166393666
35323564643034393466386265623365303861613965363035626331653539656661356338666533
32316162613739373137373864303561323364393137396239313939633336366239393637666139
30363165643934336637323466396534656562636436663739396633376634353437303634306566
38396637336166653333303732643464303365626330363832336634656535613565303664613237
66396238356530336136323636323931396336303231366235346365333039336331346437623763
34613961373364316264363435663164666364663861333934396564666231616138653161323834
33626634326264363762656538646461666561313266383765373265363635656163303133343763
31633734666635356532643964373434336538393664626631356665333361356538313932643661
31303934396334623837386236643339633335653930316536333862366265363133353862623762
61343635613537336231666134333932343265616165356233363764376330393135383437656530
37623164316139623237333031393166363931353533353665353230356336353039323866383239
64333335306162313137393264313634343461343630316231663664613639333738656564643632
31316362356639303839396464353564636539306331303365313834376361633032613764316665
61663733646665653166306634633266646430623039333436626133326165356539353564333464
35643737663239633131306630633538376334396662316331643639386336386165623139363837
63636463333138626161613036336233663635313438623465633361656538343662613033663764
35323136326638363436393033333265306463653362653236306239383763346264383830646332
31613331393133326332353839643031663362373931663366313366386263393865663733636639
34663962373666353937636138343934656232383461306530373334326165633833333930353034
37636362633731363139373666656539313662626538623436663734653437656261386366636231
31306339343135623337613330383736313033626336333263306439366536646333663831626431
32626634303235316230353834656636653361363965363366333962356239626662346432386266
37303563366566663839353166646538653635643730636461383637396263633134353266653839
61633666363364356464623535393230326666363036636131333963623865383262636632353462
37373262303266383363643932636661383638336561363637383961633831636365373936353838
62623163333733383434316332303965363562396233616563303636313865356232376336323135
36386532323362363665383130366137616363346531636231373939343034323832353664303766
64346565633266333435396438333732383332653663633831323337633837613461663333613135
34393732653233643936323738373232613264323839366338633665663762656530353261346138
31643030653239616334613039393038656439616564323737336236336564633437356236643330
63343131636364313534313761343138353333333765343665643337666337396662666238643937
62633365623533653133383463613635663533353334356661333139623130353064663831626335
31633536313864313464373166333461326462656662313862383137656263616530373335343661
39653834656665633166383264366663613762643763633864643539316663346234396537366164
35613464363438646235373561303133623363306266666465366534383936333662336636353935
38396163303537666434313232303539323664666334623434356536373032613634656537636639
38346261353765336136306634653332366336313465303130386162313065626134633239373638
61346430346239626231306339383463646365363332643936326665663861313531303431643035
33356331363764366535323433323539313065356139313664306264613539636662386237646261
35613734326566336435313362666436623164303262383633383261623937653731313235313732
32653462313933323334303665366662373735376531666432616134626230353139656565653836
33633036633063643462386132373433636330613832613863383064333362636438613338653438
36373466616361636661353139656566346138656233636337633333663832366634316136336138
37353365323262386436363364346163323832376436666561623061663133623365353735663839
61303438313664393936636336323432636561643862393930323230616434393564383235346662
63346462373139323537643739356333396630376662383839323238346165333436633737663866
62353561303964313930316264313639643732333338643866656161396631623539366136333830
63626464633930323162656366383632303636366562376362373966326339333832386532653039
32656333623039653538653262643265633164336236366637393639323663313839343938336434
32323235663439633133346364656335613439363439626431356431636138626261666537333861
36633366306633373565356363666430346435336563643034313632323937633862343838313536
34326131616234306539353533356162346538393736343965303262633635343935323931623630
64653363333663363462623336613935333934616237396130383639333935396432376361396330
36666565306338316163326330336234633835356637646436613239656239666630353332356461
30303632646131343135353336323633363135663637616335333661643131393862643863313262
37376537643261653264616237663031386564393832366330383035323461373533353034663762
37633962663634313430316230626232353438313735636637346461366262336530333861643134
30396262653131653862316338373539356339373034346666633135623961373732373361393637
34313831366564396461386262323731666638373937343033666161333066323732636530393061
32356237316634306633306334306632626433363333643935666335646438663732383637353732
35613963343935353131323162336265316134353437613164363238336662343939636530366432
39666330356535353063613331373564363664343537363438326661326231323563643230316365
36326330393362383365396534333635353431313734633262396435313238303435386266373963
34353530656335326630646533303763376531366332303163306565653232346335626664623064
38626666353233643338353562623733343766356637303362663430393865366363323661376239
37616437353439353864656433663664626161306532616563306661376537323536616134353134
62316165623934313661663464623463383665333630396632316639326434343334323163393964
35646136323033366231643637653337613265393365336637336232663966613739613832643832
66336564636464386235643031633963326532373066303638623434663238646439623861363033
36663134313964316163333932636330373362383838383762343339646233376165353035613865
66343737623233363532333135633439306434353366396464303035613638373231653264303462
65353762353434646563333464343432323262343331653563353239646631343138663763663463
64363339346634666531383731353564313661333939336564396237383737316264346135626434
66313338323430633562666362336136373833336666303831393865363038316364343230663263
31373639623334353231383432316165396430303163656363383331343930316534366263646134
66373633666566343038343933643337336464663136393530646437646637393430396632333639
64346161623163613235626630333030363463636166396366633030336430343632393539356562
35336130653539363835326264656363313762623863346236393066363466303364343065336339
61623431393937613262666662656265313131346239346234383461373339386433343034653165
32303336386534323833383366616166663436313534383537616534336531663839653031313162
37623565363437373064646330383438363766636536653565333334326362333562646235373935
30346335356165383830396366303866333630353636366432303361333436376439303537613033
33333931323361306261663232666563633230633733346566313361373634303163643836383362
66326462376166366133396538653962626639666132323737306563383933386163376365633632
33363830346635643865643362326465396334373833656634326561626539396338303261326561
33383265653766656338653635366464343964316161366565316337623664386433373333376237
35333733393864373863363138366562616162363863633030623737376164643461333735646363
34663638356437326638643737373538366437323566343332343436356436323462326632343739
37623630323464643965643932626134323430626632393839393738663231383830373834343363
37303230373063323730623666643837666532633936376539633236663264663137373865393630
38663431393330323332666533376633656335663265656631346437623038663933366635323464
31663635653533343635303439343866386130306230663936326234336662363035636632623865
32343330353933643739343461383533613333656465656266326362613836643230366163633762
36646163306136356437333561613263623562393635343032356337356261613737363461356263
32633365386336386666626131623564386533383834623564343534316663343634326266643330
34376238373836306535376233353130383532626566393631613034323933333738653430306363
30333938323932366462356131303231646266313937363031623632353462613437663139336234
66313630636433633238363431326164326439346133623463376362636639663264363562366131
39376465363735366133376437343937363265656136656164333336383865633831653636633264
65323331376137346664633635396664363463646633343766616434613431353136303535316633
38623661303734396361376131643563626239623239633337353932653433613535396666343830
31313534383936366464353063623761636663366265636261633561303761316566376437653130
32343130636534396131326230326231646264393034313731303632326437633563346635613830
36666533356262373739613739333961326661643137633033666666383632643561333237666230
36653761323939623738663035663637376436363566663139623765656330333333323262643832
62613532636636316139653862343261633062336139363336633831306566653365356630333230
32316466386130316635303232613065653861313631656334393331306637626135613831386262
35376632306334303736633664313636373466376434626630396466306638393533346166616439
62613164653239636634316364376633383936316138633465333264336636626236356231393466
64353461353362653437376164303062303030636633666636353663623365306530663063636662
65323231363936323538393434666430333866343136613037336237356438353235643332306337
61353464376130663035396632653733646433656336376630646139643666313061356233376435
61663635623439373839316530346436313539333238353062383233616665643235646534623066
32323361376137343933363435323037333862623932633363623864376133623935396561663464
36356361336331646633323737383165333834653564343866346337616365626239343536323333
61306639396464386537666539313861316463666462326638336335373239383738393130376535
31373038656133646164613232303065313035396230623535656530633033346238646330663233
39363239663032333032353065633765643134636330303961653235393233643466343631316236
63376538643164376264666339383433323739663061643865306264363464643566346332376133
38373666323234623064613065393434643962656430343164376264386536323039633166316632
62343261616539663438303230346330373338396133656335613630653039363637313638353231
39313037383835366631313863383138393261386466316661656231376166666166653761636433
36376131613962633135633161303363633932616637613832646136613961353663626334613066
34366134366239376463653934663463646162663965613464643431366333303830646537363261
38383037323735356435363232393361396161306639396230316433356236623436363066386364
30386338333436393833343235633131353635646564626564373238326439646565373533303537
35333761376464643032303739383937643261343166353936376438316137376264636665613632
36656561623865643964396464643036333738663631333633303434383337323362363933313066
35383164333434333230313066396664636637613036343731663938363831353863313735633136
30363431626234323536646431303638353266333231626430653436303064643662643033393432
63643464386532396632363232326135396434306534346637613961313363623063643030613030
35353466363636363836626335363139643430393230616261653137326262656638613433343035
65313935626535313561333935643430343235646266376335636364383062353534626364393261
62303865383533393661323564333236616237313339653133653532646566613031363039316563
38346338333538346665353737353865346166356632613635363738346434306265353265373366
63376465643062363436633535653365653732353439623862333562643063336466366536666231
64623233383530346630376562356565643064333663336465643465353235303065633439323662
63613766636163326432383935643837656139666263386334343761363764646366366538323735
39343234373532626433653232613431316639653061363565613936303762303136383762346333
37396564386261653036373834323131623237323266353634346535333865356339393334323638
64656231333032616230633737336231343537393935643733383761326639373461
